0.3 20 0.01 5 1 0
0.7 20 0.01 5 1 0
0.3 20 0.1 5 1 0
0.7 20 0.1 5 1 0
0.3 20 1 5 1 0
0.7 20 1 5 1 0
0.3 20 0.01 10 1 0
0.7 20 0.01 10 1 0
0.3 20 0.1 10 1 0
0.7 20 0.1 10 1 0
0.3 20 1 10 1 0
0.7 20 1 10 1 0
0.3 20 0.01 20 1 0
0.7 20 0.01 20 1 0
0.3 20 0.1 20 1 0
0.7 20 0.1 20 1 0
0.3 20 1 20 1 0
0.7 20 1 20 1 0
0.3 20 0.01 5 3 0
0.7 20 0.01 5 3 0
0.3 20 0.1 5 3 0
0.7 20 0.1 5 3 0
0.3 20 1 5 3 0
0.7 20 1 5 3 0
0.3 20 0.01 10 3 0
0.7 20 0.01 10 3 0
0.3 20 0.1 10 3 0
0.7 20 0.1 10 3 0
0.3 20 1 10 3 0
0.7 20 1 10 3 0
0.3 20 0.01 20 3 0
0.7 20 0.01 20 3 0
0.3 20 0.1 20 3 0
0.7 20 0.1 20 3 0
0.3 20 1 20 3 0
0.7 20 1 20 3 0
0.3 20 0.01 5 5 0
0.7 20 0.01 5 5 0
0.3 20 0.1 5 5 0
0.7 20 0.1 5 5 0
0.3 20 1 5 5 0
0.7 20 1 5 5 0
0.3 20 0.01 10 5 0
0.7 20 0.01 10 5 0
0.3 20 0.1 10 5 0
0.7 20 0.1 10 5 0
0.3 20 1 10 5 0
0.7 20 1 10 5 0
0.3 20 0.01 20 5 0
0.7 20 0.01 20 5 0
0.3 20 0.1 20 5 0
0.7 20 0.1 20 5 0
0.3 20 1 20 5 0
0.7 20 1 20 5 0
0.3 20 0.01 5 1 3
0.7 20 0.01 5 1 3
0.3 20 0.1 5 1 3
0.7 20 0.1 5 1 3
0.3 20 1 5 1 3
0.7 20 1 5 1 3
0.3 20 0.01 10 1 3
0.7 20 0.01 10 1 3
0.3 20 0.1 10 1 3
0.7 20 0.1 10 1 3
0.3 20 1 10 1 3
0.7 20 1 10 1 3
0.3 20 0.01 20 1 3
0.7 20 0.01 20 1 3
0.3 20 0.1 20 1 3
0.7 20 0.1 20 1 3
0.3 20 1 20 1 3
0.7 20 1 20 1 3
0.3 20 0.01 5 3 3
0.7 20 0.01 5 3 3
0.3 20 0.1 5 3 3
0.7 20 0.1 5 3 3
0.3 20 1 5 3 3
0.7 20 1 5 3 3
0.3 20 0.01 10 3 3
0.7 20 0.01 10 3 3
0.3 20 0.1 10 3 3
0.7 20 0.1 10 3 3
0.3 20 1 10 3 3
0.7 20 1 10 3 3
0.3 20 0.01 20 3 3
0.7 20 0.01 20 3 3
0.3 20 0.1 20 3 3
0.7 20 0.1 20 3 3
0.3 20 1 20 3 3
0.7 20 1 20 3 3
0.3 20 0.01 5 5 3
0.7 20 0.01 5 5 3
0.3 20 0.1 5 5 3
0.7 20 0.1 5 5 3
0.3 20 1 5 5 3
0.7 20 1 5 5 3
0.3 20 0.01 10 5 3
0.7 20 0.01 10 5 3
0.3 20 0.1 10 5 3
0.7 20 0.1 10 5 3
0.3 20 1 10 5 3
0.7 20 1 10 5 3
0.3 20 0.01 20 5 3
0.7 20 0.01 20 5 3
0.3 20 0.1 20 5 3
0.7 20 0.1 20 5 3
0.3 20 1 20 5 3
0.7 20 1 20 5 3
0.3 20 0.01 5 1 7
0.7 20 0.01 5 1 7
0.3 20 0.1 5 1 7
0.7 20 0.1 5 1 7
0.3 20 1 5 1 7
0.7 20 1 5 1 7
0.3 20 0.01 10 1 7
0.7 20 0.01 10 1 7
0.3 20 0.1 10 1 7
0.7 20 0.1 10 1 7
0.3 20 1 10 1 7
0.7 20 1 10 1 7
0.3 20 0.01 20 1 7
0.7 20 0.01 20 1 7
0.3 20 0.1 20 1 7
0.7 20 0.1 20 1 7
0.3 20 1 20 1 7
0.7 20 1 20 1 7
0.3 20 0.01 5 3 7
0.7 20 0.01 5 3 7
0.3 20 0.1 5 3 7
0.7 20 0.1 5 3 7
0.3 20 1 5 3 7
0.7 20 1 5 3 7
0.3 20 0.01 10 3 7
0.7 20 0.01 10 3 7
0.3 20 0.1 10 3 7
0.7 20 0.1 10 3 7
0.3 20 1 10 3 7
0.7 20 1 10 3 7
0.3 20 0.01 20 3 7
0.7 20 0.01 20 3 7
0.3 20 0.1 20 3 7
0.7 20 0.1 20 3 7
0.3 20 1 20 3 7
0.7 20 1 20 3 7
0.3 20 0.01 5 5 7
0.7 20 0.01 5 5 7
0.3 20 0.1 5 5 7
0.7 20 0.1 5 5 7
0.3 20 1 5 5 7
0.7 20 1 5 5 7
0.3 20 0.01 10 5 7
0.7 20 0.01 10 5 7
0.3 20 0.1 10 5 7
0.7 20 0.1 10 5 7
0.3 20 1 10 5 7
0.7 20 1 10 5 7
0.3 20 0.01 20 5 7
0.7 20 0.01 20 5 7
0.3 20 0.1 20 5 7
0.7 20 0.1 20 5 7
0.3 20 1 20 5 7
0.7 20 1 20 5 7
