0.7 5 0.1 20 10 10
0.7 5 0.01 20 20 20
0.5 40 0.1 50 1 10
0.5 20 0.1 50 20 10
0.2 40 0.01 20 1 20
0.2 40 0.01 50 1 10
0.2 5 1 50 10 10
0.5 5 0.01 50 1 10
0.2 40 1 50 20 20
0.5 40 0.1 50 20 20
0.7 20 0.1 20 20 0
0.5 40 0.1 20 10 10
0.7 40 1 50 10 10
0.5 20 0.01 50 10 10
0.2 40 0.01 20 1 0
0.2 40 1 20 1 20
0.2 40 0.01 20 20 20
0.2 20 0.01 20 20 0
0.7 5 1 20 20 20
0.2 5 0.01 20 1 0
0.2 5 0.1 50 20 10
0.7 40 0.1 20 20 10
0.5 40 0.1 20 20 20
0.7 5 0.01 50 1 20
0.7 40 1 50 1 20
0.5 40 0.01 50 1 20
0.2 20 1 50 20 0
0.7 5 0.1 20 1 0
0.2 5 1 50 20 10
0.5 20 1 50 10 20
0.2 20 1 20 20 20
0.7 20 0.1 20 20 20
0.5 5 0.01 50 20 20
0.7 20 0.1 50 20 0
0.5 40 0.01 50 1 10
0.5 5 0.1 20 1 0
0.5 40 1 50 10 0
0.7 20 0.01 20 20 10
0.5 40 0.01 20 10 0
